259.305351
249.351143
265.718119
251.390127
247.503859
250.618272
251.049922
245.006403
251.945667
254.631616
251.143454
251.820287
261.059050
250.252933
246.308090
256.146471
254.725713
258.593917
250.468556
245.191677
247.906863
245.369620
251.456853
243.683939
254.394810
248.229496
250.553813
254.783608
247.971816
245.886772
249.757346
251.777149
253.617561
253.881272
259.072093
264.280940
250.871431
251.477511
247.277134
249.797919
251.967977
252.813339
260.998024
248.711086
252.139789
245.494737
254.156204
253.292833
257.057994
247.205063
255.403521
251.711282
251.568206
250.476460
253.730761
244.782847
252.610736
253.881615
245.618440
257.880612
250.902285
258.141564
256.500950
253.722621
253.989347
254.438067
252.685982
250.977241
258.532502
255.125959
248.237632
250.768745
250.284527
258.310362
253.546139
254.133232
251.217075
251.993196
244.514476
249.943770
256.665281
253.946038
249.885114
253.374501
250.189667
255.607078
249.902894
253.367505
253.129044
258.332122
248.032609
255.930153
259.391667
250.296087
254.484501
245.706586
255.957795
249.233030
256.104791
254.079202
257.539726
262.438591
252.843343
252.709170
253.192159
254.273461
250.421285
250.914000
244.007056
258.905709
244.399889
253.479838
247.008116
250.739280
253.067566
250.182737
250.599199
255.329463
259.283050
245.709867
259.746199
243.713557
250.545454
257.820253
255.524636
250.519716
239.575092
249.659742
242.397936
257.540212
254.822053
253.557411
249.438754
251.155302
259.146635
253.129704
246.740773
258.812368
252.159596
247.180255
245.432362
265.086457
252.375871
249.383526
244.647520
254.037888
260.477921
253.802069
253.367811
262.733141
250.547303
257.180194
259.917356
257.646535
246.528562
247.716056
265.358287
253.458566
254.322492
264.090397
256.801354
256.520277
254.702112
245.641807
252.505737
251.714787
253.549378
240.779610
251.699695
260.897193
248.115197
259.401496
249.792774
250.345121
253.296415
254.386853
248.155611
251.105561
246.133891
250.737876
257.540022
262.938835
244.412793
252.905724
251.093785
244.374632
258.915909
260.856537
254.898551
258.024977
256.743009
261.306489
247.833945
252.720442
255.261063
256.598097
251.917401
255.002467
242.088938
269.678125
246.070878
251.359210
243.126916
260.128017
253.699293
254.433068
251.636532
250.338445
251.828660
258.637861
263.910733
245.743718
255.048860
245.133240
249.937629
248.971171
252.176124
259.925911
252.655876
244.430650
247.066288
254.187870
257.587714
253.514799
257.749447
250.974196
252.820258
249.393962
252.454096
250.256507
261.325726
250.418517
249.339197
254.751446
246.998696
244.949760
252.294345
260.358950
249.936957
248.697576
249.955824
257.014361
253.371154
252.032042
261.868966
252.312837
247.712157
257.574291
242.561010
246.384808
257.774944
244.964586
253.549873
243.159462
256.627116
253.266844
250.591296
244.401807
247.045227
254.066056
245.585561
251.468107
252.216049
256.539014
250.805116
255.376227
253.566687
250.221878
249.967889
250.929477
255.511730
250.711011
248.754133
255.114002
251.564186
252.972091
258.667606
246.004964
254.077835
252.869718
259.588454
256.219986
247.396845
249.431233
248.653020
249.907239
255.599206
245.546090
260.015679
262.132249
254.614045
250.871665
252.209916
255.063443
259.995444
248.823135
257.085869
263.304819
248.144953
253.840650
253.335157
262.110926
252.493057
257.155759
249.182739
244.138593
259.744236
252.400237
247.317616
248.440730
256.471603
252.934992
247.227455
254.815451
249.526487
255.002003
246.431027
247.835578
252.579041
255.702796
250.630423
240.480807
251.649759
249.465206
246.322103
251.990366
254.388781
250.691883
257.535772
254.387641
261.995393
249.035947
250.014994
261.725036
250.917820
259.675305
258.341834
251.807291
246.072705
250.903189
245.337924
264.993571
257.830900
250.682136
258.325990
254.863366
251.267291
252.154097
253.694088
251.884290
254.435044
260.152630
249.875297
250.516479
250.340582
250.308451
253.615887
255.335046
250.536480
256.958691
257.423186
261.762039
254.651799
250.644295
247.036555
258.599402
253.945153
243.779906
256.459958
254.501721
255.552810
256.301227
243.020548
263.093727
246.475992
249.809036
248.690729
251.661904
254.546081
260.119574
246.891971
257.877375
256.406572
255.881490
251.596327
244.088914
253.120575
256.651630
259.731380
242.159223
247.011978
246.589107
249.869472
259.157589
247.415827
249.050390
253.816832
248.828878
246.507412
253.601275
246.834757
247.107394
256.747277
250.132831
253.164868
256.981303
249.516692
246.562021
244.249220
262.143845
251.790613
245.050005
255.461384
255.362472
251.407425
258.440390
257.956832
253.562902
256.750393
249.758263
244.840404
246.472767
253.670432
255.320608
243.106947
258.922354
248.694669
254.610736
249.700769
243.824517
255.623652
249.222314
247.445273
255.327530
255.268107
252.572469
252.759649
252.799919
255.040576
261.867797
255.433548
256.247735
256.133956
257.365919
257.523381
251.320321
262.886633
252.114410
260.328584
244.308151
253.027517
249.601136
262.754045
248.838554
249.807930
247.987245
257.116598
261.716252
253.667208
261.241421
245.686185
263.483364
256.823682
255.148953
239.820604
249.475776
251.485215
247.262301
256.355933
241.965768
257.099671
251.086317
245.156559
262.794896
251.729281
253.596448
249.610469
247.853738
250.853927
251.809088
256.096526
248.920922
256.942017
247.223807
247.625244
251.492887
248.387153
256.454770
250.459846
253.883328
255.354259
253.804506
252.801192
249.285520
258.796495
258.914117
246.094589
252.033287
252.495597
254.859002
257.285395
261.341510
253.297156
245.723757
263.780895
254.672997
258.405727
247.397152
241.416134
259.946258
255.231207
251.771976
259.667204
252.673376
244.291804
259.487907
259.805648
244.085460
249.655839
253.088623
247.072187
245.847217
246.723793
252.672442
249.962592
249.081258
248.494772
248.038918
257.100081
248.939901
255.735480
249.548629
258.792123
256.299436
258.044066
262.994582
248.884525
247.898452
254.349594
248.409209
246.896748
265.116136
255.881533
246.296241
243.498730
243.227639
252.093887
255.538651
247.880331
253.381101
253.778706
250.540330
255.811191
262.161149
243.102847
250.475888
246.480778
250.506128
255.998230
252.434225
255.755192
257.677342
252.077794
257.256572
246.221804
251.269141
241.945935
261.389870
255.950700
250.764934
251.693653
253.264859
252.606516
259.401553
254.830844
241.368277
254.367283
243.588037
247.651789
247.931585
262.816072
251.327740
243.342648
255.779096
253.540443
252.857057
248.162927
254.219404
247.850728
255.599116
257.551920
250.892958
256.958045
247.546263
261.691415
251.167945
258.856306
250.430478
252.580699
253.701318
254.279966
258.854605
249.715308
247.689913
250.621938
257.172191
251.641019
246.361392
245.827889
252.828630
254.372040
247.917370
252.957458
258.973284
248.464269
241.474394
257.205729
248.810378
248.707640
253.460707
246.654133
241.688909
253.065731
254.653690
248.548182
247.765540
243.253601
255.909239
241.881483
250.796245
264.419134
243.788383
244.984920
252.749718
258.762560
248.151777
258.194817
260.516300
250.801844
249.610734
261.221073
255.329891
256.224054
242.609662
246.250758
264.893656
250.385919
249.133979
259.327803
254.922832
249.972627
258.299235
259.162401
253.794415
254.677949
257.555489
249.668119
258.105744
251.072659
262.627619
248.128047
255.021856
252.560906
253.050230
247.547667
255.099033
250.831001
251.779641
251.944712
256.405173
248.369921
258.497695
246.240527
254.256653
252.506224
256.909984
247.300583
252.219773
252.012677
249.430788
256.328619
250.536342
251.908649
252.815426
253.279154
252.625725
253.937346
251.157178
258.286903
250.911793
250.528497
259.028197
254.855474
246.091318
252.399233
254.458012
250.506960
248.054811
250.233003
254.161035
249.250841
250.288206
241.005034
256.954730
252.931070
257.353204
254.290339
252.012931
257.461103
259.298559
257.153123
250.927120
246.116766
250.972348
256.904760
245.181071
263.475167
251.789833
251.171753
241.527977
261.746620
254.101353
250.383299
252.324721
263.872517
253.176629
252.899682
247.527608
257.384695
253.257625
250.107126
247.772978
250.354436
242.970098
250.851022
252.058270
260.728826
254.002002
254.914189
248.883953
249.949036
249.607144
251.880752
257.438643
257.143721
251.778105
252.323842
252.417124
246.393212
241.304597
257.419688
256.021156
247.611507
246.928765
254.079945
252.060669
260.364754
246.961397
250.598165
250.439126
242.963240
251.106294
258.541450
257.365891
251.752989
250.043779
252.051435
247.675984
257.169614
251.172265
247.357724
251.081870
247.823082
248.870797
254.433634
261.762897
248.018157
251.207387
247.336013
264.738326
246.453698
242.502318
256.964972
260.489905
247.442122
250.323301
249.117999
255.421295
258.154425
258.562166
253.078618
251.545325
259.040761
262.196486
250.512777
256.916511
258.739635
255.512067
251.536109
263.482548
254.501822
256.707739
248.923681
258.177480
250.643719
254.819379
251.906023
251.062231
247.950762
258.695909
260.868932
253.968816
253.642926
253.180814
260.379407
253.653929
248.989367
250.106436
250.945205
249.613547
245.192283
249.848585
242.180860
251.148179
246.565135
249.944819
256.901716
258.917925
249.983277
266.021866
246.474862
249.637594
257.326441
248.037752
252.707107
259.262850
252.202529
242.490979
252.463576
248.328653
250.855995
257.610254
257.829577
253.386467
254.389832
261.853849
249.367704
259.351809
253.944817
251.908491
261.427257
252.919021
251.835215
244.759337
255.751345
248.494954
264.204481
251.305764
250.507653
249.648129
251.907368
256.437861
256.834686
250.345880
255.539154
257.920410
248.099978
251.141111
258.890794
253.194271
254.579932
243.186160
253.023489
248.937319
251.521249
257.115994
245.091079
248.311406
251.781479
250.127947
251.420849
252.793817
257.686866
254.291866
247.030789
246.823787
250.641475
254.133626
263.846309
241.687146
251.713965
252.331285
243.118989
253.251494
253.134809
246.391282
254.048515
259.098146
244.972542
250.296430
242.686105
260.172390
256.208143
244.420477
250.952116
257.018682
253.895596
252.159267
257.809621
253.136257
252.038035
248.829349
253.779927
255.988739
245.398048
250.834893
259.105836
252.589247
252.436377
247.528868
248.031597
250.701047
253.705674
248.961917
261.320965
247.143844
253.754313
251.107822
252.922414
259.388867
249.480904
248.046060
257.683760
253.764230
253.655894
246.664914
255.429822
260.195824
251.699777
261.439098
252.789411
252.197633
251.524294
245.117761
251.464730
254.749953
250.323763
257.622592
255.349977
242.841745
247.797423
245.841693
257.154819
251.524516
248.381686
258.946841
252.123982
258.134835
256.154348
258.658880
257.450306
255.597025
255.893369
245.587768
247.307013
249.613389
254.287127
248.764184
251.682687
253.293804
248.407469
252.540475
258.946653
261.989569
247.029722
255.423654
250.641182
252.733240
246.872849
261.673781
259.098495
245.131034
255.674584
249.994327
251.180223
252.430408
247.727044
253.607018
250.178832
257.980623
252.416579
254.508468
261.815885
250.605384
256.598469
263.551814
241.881158
249.965255
255.541079
261.107762
