259.305351
249.351143
265.718119
251.390127
247.503859
250.618272
251.049922
245.006403
251.945667
254.631616
251.143454
251.820287
261.059050
250.252933
246.308090
256.146471
254.725713
258.593917
250.468556
245.191677
247.906863
245.369620
251.456853
243.683939
254.394810
248.229496
250.553813
254.783608
247.971816
245.886772
249.757346
251.777149
253.617561
253.881272
259.072093
264.280940
250.871431
251.477511
247.277134
249.797919
251.967977
252.813339
260.998024
248.711086
252.139789
245.494737
254.156204
253.292833
257.057994
247.205063
255.403521
251.711282
251.568206
250.476460
253.730761
244.782847
252.610736
253.881615
245.618440
257.880612
250.902285
258.141564
256.500950
253.722621
253.989347
254.438067
252.685982
250.977241
258.532502
255.125959
248.237632
250.768745
250.284527
258.310362
253.546139
254.133232
251.217075
251.993196
244.514476
249.943770
256.665281
253.946038
249.885114
253.374501
250.189667
255.607078
249.902894
253.367505
253.129044
258.332122
248.032609
255.930153
259.391667
250.296087
254.484501
245.706586
255.957795
249.233030
256.104791
254.079202
257.539726
262.438591
252.843343
252.709170
253.192159
254.273461
250.421285
250.914000
244.007056
258.905709
244.399889
253.479838
247.008116
250.739280
253.067566
250.182737
250.599199
255.329463
259.283050
245.709867
259.746199
243.713557
250.545454
257.820253
255.524636
250.519716
239.575092
249.659742
242.397936
257.540212
254.822053
253.557411
249.438754
251.155302
259.146635
253.129704
246.740773
258.812368
252.159596
247.180255
245.432362
265.086457
252.375871
249.383526
244.647520
254.037888
260.477921
253.802069
253.367811
262.733141
250.547303
257.180194
259.917356
257.646535
246.528562
247.716056
265.358287
253.458566
254.322492
264.090397
256.801354
256.520277
254.702112
245.641807
252.505737
251.714787
253.549378
240.779610
251.699695
260.897193
248.115197
259.401496
249.792774
250.345121
253.296415
254.386853
248.155611
251.105561
246.133891
250.737876
257.540022
262.938835
244.412793
252.905724
251.093785
244.374632
258.915909
260.856537
254.898551
258.024977
256.743009
261.306489
247.833945
252.720442
255.261063
256.598097
251.917401
255.002467
242.088938
269.678125
246.070878
251.359210
243.126916
260.128017
253.699293
254.433068
251.636532
250.338445
251.828660
258.637861
263.910733
245.743718
255.048860
245.133240
249.937629
248.971171
252.176124
259.925911
252.655876
244.430650
247.066288
254.187870
257.587714
253.514799
257.749447
250.974196
252.820258
249.393962
252.454096
250.256507
261.325726
250.418517
249.339197
254.751446
246.998696
244.949760
252.294345
260.358950
249.936957
248.697576
249.955824
257.014361
253.371154
252.032042
261.868966
252.312837
247.712157
257.574291
242.561010
246.384808
257.774944
244.964586
253.549873
243.159462
256.627116
253.266844
250.591296
244.401807
247.045227
254.066056
245.585561
251.468107
252.216049
256.539014
250.805116
255.376227
253.566687
250.221878
249.967889
250.929477
255.511730
250.711011
248.754133
255.114002
251.564186
252.972091
258.667606
246.004964
254.077835
252.869718
259.588454
256.219986
247.396845
249.431233
248.653020
249.907239
255.599206
245.546090
260.015679
262.132249
254.614045
250.871665
252.209916
255.063443
259.995444
248.823135
257.085869
263.304819
248.144953
253.840650
253.335157
262.110926
252.493057
257.155759
249.182739
244.138593
259.744236
252.400237
247.317616
248.440730
256.471603
252.934992
247.227455
254.815451
249.526487
255.002003
246.431027
247.835578
252.579041
255.702796
250.630423
240.480807
251.649759
249.465206
246.322103
251.990366
254.388781
250.691883
257.535772
254.387641
261.995393
249.035947
250.014994
261.725036
250.917820
259.675305
258.341834
251.807291
246.072705
250.903189
245.337924
264.993571
257.830900
250.682136
258.325990
254.863366
251.267291
252.154097
253.694088
251.884290
254.435044
260.152630
249.875297
250.516479
250.340582
250.308451
253.615887
255.335046
250.536480
256.958691
257.423186
261.762039
254.651799
250.644295
247.036555
258.599402
253.945153
243.779906
256.459958
254.501721
255.552810
256.301227
243.020548
263.093727
246.475992
249.809036
248.690729
251.661904
254.546081
260.119574
246.891971
257.877375
256.406572
255.881490
251.596327
244.088914
253.120575
256.651630
259.731380
242.159223
247.011978
246.589107
249.869472
259.157589
247.415827
249.050390
253.816832
248.828878
246.507412
253.601275
246.834757
247.107394
256.747277
250.132831
253.164868
256.981303
249.516692
246.562021
244.249220
262.143845
251.790613
245.050005
255.461384
255.362472
251.407425
258.440390
257.956832
253.562902
256.750393
249.758263
244.840404
246.472767
253.670432
255.320608
243.106947
258.922354
248.694669
254.610736
249.700769
243.824517
255.623652
249.222314
247.445273
255.327530
255.268107
252.572469
252.759649
252.799919
255.040576
261.867797
255.433548
256.247735
256.133956
257.365919
257.523381
251.320321
262.886633
252.114410
260.328584
244.308151
253.027517
249.601136
262.754045
248.838554
249.807930
247.987245
257.116598
261.716252
253.667208
261.241421
245.686185
263.483364
256.823682
255.148953
239.820604
249.475776
251.485215
247.262301
256.355933
241.965768
257.099671
251.086317
245.156559
262.794896
251.729281
253.596448
249.610469
247.853738
250.853927
251.809088
256.096526
248.920922
256.942017
247.223807
247.625244
251.492887
248.387153
256.454770
250.459846
253.883328
255.354259
253.804506
252.801192
249.285520
258.796495
258.914117
246.094589
252.033287
252.495597
254.859002
258.319918
253.591044
248.349885
252.799346
257.886954
246.046146
251.030981
247.703611
248.589114
253.760596
251.757786
252.898589
248.322820
247.828969
255.566130
253.485303
246.535032
246.058132
255.894250
251.153718
251.229152
257.128857
250.593264
260.497343
247.484377
248.335430
249.919959
253.459613
249.039826
257.959265
242.523511
246.364494
248.346261
249.151049
253.329927
252.933046
252.232089
249.813153
247.341239
254.649142
239.846776
240.365545
254.144728
244.705683
247.910630
244.630917
255.844327
256.218931
249.909499
251.885156
252.780093
256.671583
253.249603
250.150533
247.712494
246.892908
256.352170
259.982591
258.505010
264.785438
249.618130
256.080901
250.039556
254.329692
254.236625
252.052842
255.360344
243.595870
254.146786
256.984148
255.678332
257.908016
255.049143
246.797137
259.769765
250.152580
255.234983
245.822643
249.424441
251.404071
246.986264
252.335013
255.187107
249.929582
251.434786
259.325528
249.319332
245.362876
251.832372
258.165391
246.758981
257.549895
250.148816
249.095276
257.722507
251.381223
251.306948
246.817447
244.457521
249.171158
259.249039
251.636708
252.016287
250.075575
247.410848
253.488460
260.534019
247.535038
255.247021
252.214995
243.442416
253.483532
254.995381
254.166883
253.017628
250.360284
256.980411
238.178889
254.197246
247.367467
263.035560
248.779930
249.109280
250.587048
254.953684
260.539742
257.416605
254.678818
256.527117
248.395626
262.843476
255.914161
257.680286
254.154970
259.018273
252.663335
250.485231
263.055125
255.719657
251.139062
248.275108
256.978811
248.775216
254.205408
248.074504
251.448837
249.065422
261.478315
246.277757
253.611347
247.155548
249.836323
257.278098
241.507228
253.530699
256.582227
250.011252
248.489070
254.344922
248.027489
256.299815
253.148967
250.928709
251.392746
253.055639
247.809931
248.139570
250.443151
249.729141
246.642705
254.257708
255.648153
260.579827
249.037709
250.980550
255.485819
255.069074
256.216172
247.132167
243.263686
255.474343
251.214238
256.878686
251.543040
246.362199
246.732435
259.055327
247.193451
250.878521
258.991175
254.008575
262.754835
255.252860
247.248874
253.082253
251.437699
250.022498
256.055134
255.611140
252.718898
248.930506
254.051227
261.640644
261.970544
243.184200
251.906127
254.045398
248.690119
251.113617
252.770274
263.343646
254.959839
254.095225
254.128316
251.104187
255.713599
250.790110
250.253286
259.194478
246.030180
253.146204
253.915065
259.989180
241.734903
255.531444
250.167105
243.536461
245.469287
248.297227
246.895333
251.212630
245.899204
251.606595
253.128145
248.716657
252.552370
255.408943
260.629439
251.254196
252.911653
237.569005
248.204192
244.220470
257.443888
246.355429
247.835714
247.112520
256.957263
251.991702
249.372646
249.298112
245.656829
250.666143
246.770514
242.264097
256.252465
251.917159
246.157745
247.065295
248.814914
254.777081
244.206998
254.287170
246.729928
252.508027
249.234590
249.591571
254.502193
259.520925
247.488056
250.160698
251.764574
257.306825
255.644187
252.846069
262.236108
255.849770
260.824294
254.828641
244.579020
245.863520
256.796901
260.690261
250.881968
243.749830
255.102758
244.544618
252.709989
251.870039
251.273264
251.849738
259.987472
253.348375
250.371918
247.108674
248.246403
248.875662
260.709445
252.191754
251.332903
249.213843
244.792144
251.067880
251.212324
254.580981
249.958371
256.220353
245.768431
257.713818
251.254702
255.477262
252.154856
253.474417
252.618318
251.378834
259.196346
248.172650
253.674800
242.221394
252.757114
250.849959
255.949905
249.466358
255.630345
249.814345
243.502326
253.960890
253.586092
262.046971
249.520795
243.683210
249.738345
248.878388
252.597830
245.107753
261.179084
243.190761
258.519227
247.277006
260.082003
250.069309
238.931165
252.559669
259.133348
256.725818
248.759863
253.716988
252.860517
254.521329
243.573332
240.973756
253.154703
247.593513
250.900709
253.431499
251.775727
256.103367
259.760945
256.260987
251.286300
250.454811
252.196042
253.791330
247.301538
254.415804
248.004517
257.546044
256.905199
249.314479
253.512052
254.418759
250.293784
257.069535
245.757879
254.844840
251.035697
249.450862
247.946669
246.102917
249.200321
252.456407
256.287585
255.337872
258.879805
256.726952
255.309455
249.673712
256.879777
257.174826
251.601140
249.789866
241.565618
257.014463
257.296097
247.102042
247.032470
256.949669
255.278183
256.233760
256.655548
249.952614
269.152020
251.624023
253.643446
258.048906
250.577740
262.409469
249.383831
256.353589
258.612194
234.564086
250.944058
259.642745
249.855653
252.440900
250.365197
259.016885
257.217001
254.550706
254.120347
259.714362
248.232982
245.607960
266.187853
254.265194
258.337002
259.170824
241.700288
250.910048
256.431738
255.701854
248.098841
249.651346
251.003565
257.673029
254.486799
251.915043
245.838466
254.957967
259.774224
257.365042
249.109238
250.086717
248.520059
253.286747
250.551568
252.614827
249.418396
242.739410
247.852847
255.222442
254.430300
257.753978
259.075305
247.642471
258.779353
241.358731
255.925987
256.616414
246.483303
250.694357
243.473104
256.782975
248.109544
255.172491
250.440605
253.497707
257.217625
249.073872
253.739279
249.454852
243.274677
252.565084
256.975218
265.651533
254.386347
257.914605
251.746779
245.565305
260.092107
256.217971
255.671906
255.782283
255.076285
253.031075
261.069414
258.378825
265.221463
251.248498
257.727718
241.364913
243.774621
243.814428
250.949333
247.185632
248.488522
244.989411
244.171643
250.600841
256.408130
